48
0.000 1495.000 381.000 2012.000 1157.000 990.000 764.000 178.000 147.000 1788.000 542.000 508.000 749.000 696.000 408.000 318.000 1213.000 714.000 1082.000 717.000 935.000 228.000 538.000 1670.000 816.000 1922.000 1096.000 840.000 1147.000 986.000 498.000 1250.000 553.000 678.000 2136.000 754.000 1046.000 326.000 1117.000 261.000 692.000 1525.000 1104.000 616.000 2162.000 488.000 753.000 1184.000
1495.000 0.000 1135.000 637.000 583.000 2207.000 2056.000 1641.000 1590.000 736.000 1312.000 1494.000 1150.000 988.000 1552.000 1243.000 2360.000 2004.000 2291.000 1615.000 1279.000 1272.000 1163.000 906.000 983.000 585.000 2269.000 2097.000 381.000 2155.000 1898.000 1091.000 1661.000 840.000 988.000 1984.000 2272.000 1778.000 976.000 1443.000 872.000 504.000 2223.000 1957.000 1098.000 1727.000 1388.000 661.000
381.000 1135.000 0.000 1633.000 778.000 1163.000 971.000 551.000 457.000 1412.000 375.000 481.000 474.000 349.000 475.000 301.000 1359.000 918.000 1255.000 686.000 699.000 207.000 262.000 1308.000 480.000 1541.000 1251.000 1029.000 774.000 1133.000 772.000 936.000 622.000 301.000 1760.000 922.000 1227.000 644.000 785.000 325.000 442.000 1144.000 1231.000 850.000 1790.000 640.000 591.000 810.000
2012.000 637.000 1633.000 0.000 886.000 2550.000 2444.000 2175.000 2081.000 444.000 1697.000 1881.000 1480.000 1385.000 1969.000 1806.000 2662.000 2397.000 2624.000 1941.000 1519.000 1805.000 1576.000 735.000 1321.000 102.000 2589.000 2467.000 879.000 2485.000 2343.000 1190.000 2044.000 1336.000 451.000 2357.000 2613.000 2255.000 1161.000 1901.000 1467.000 532.000 2526.000 2373.000 594.000 2138.000 1695.000 900.000
1157.000 583.000 778.000 886.000 0.000 1686.000 1565.000 1329.000 1210.000 636.000 814.000 999.000 609.000 500.000 1084.000 1006.000 1818.000 1516.000 1764.000 1078.000 703.000 970.000 691.000 588.000 443.000 788.000 1735.000 1592.000 283.000 1626.000 1458.000 528.000 1163.000 503.000 985.000 1481.000 1750.000 1377.000 396.000 1021.000 768.000 370.000 1680.000 1489.000 1025.000 1253.000 839.000 97.000
990.000 2207.000 1163.000 2550.000 1686.000 0.000 235.000 1015.000 845.000 2191.000 895.000 717.000 1078.000 1219.000 689.000 1289.000 230.000 279.000 93.000 611.000 1047.000 1162.000 1049.000 1961.000 1244.000 2450.000 116.000 153.000 1826.000 83.000 525.000 1428.000 553.000 1401.000 2502.000 244.000 66.000 704.000 1403.000 848.000 1598.000 2019.000 174.000 387.000 2468.000 528.000 856.000 1654.000
764.000 2056.000 971.000 2444.000 1565.000 235.000 0.000 781.000 618.000 2111.000 753.000 568.000 965.000 1077.000 507.000 1070.000 465.000 54.000 323.000 532.000 984.000 947.000 894.000 1901.000 1123.000 2344.000 349.000 85.000 1676.000 260.000 290.000 1375.000 402.000 1231.000 2435.000 105.000 285.000 469.000 1324.000 648.000 1396.000 1914.000 386.000 153.000 2415.000 334.000 769.000 1545.000
178.000 1641.000 551.000 2175.000 1329.000 1015.000 781.000 0.000 228.000 1962.000 709.000 649.000 924.000 874.000 534.000 413.000 1244.000 737.000 1103.000 844.000 1103.000 372.000 715.000 1847.000 994.000 2086.000 1127.000 863.000 1303.000 1025.000 493.000 1426.000 659.000 841.000 2310.000 795.000 1064.000 312.000 1294.000 418.000 805.000 1695.000 1149.000 629.000 2338.000 565.000 911.000 1359.000
147.000 1590.000 457.000 2081.000 1210.000 845.000 618.000 228.000 0.000 1831.000 507.000 425.000 737.000 725.000 307.000 459.000 1068.000 568.000 936.000 617.000 897.000 352.000 546.000 1691.000 831.000 1988.000 951.000 694.000 1230.000 842.000 355.000 1240.000 434.000 757.000 2177.000 610.000 900.000 194.000 1121.000 214.000 819.000 1579.000 961.000 470.000 2193.000 352.000 695.000 1226.000
1788.000 736.000 1412.000 444.000 636.000 2191.000 2111.000 1962.000 1831.000 0.000 1389.000 1565.000 1154.000 1107.000 1668.000 1639.000 2282.000 2067.000 2258.000 1588.000 1145.000 1606.000 1294.000 292.000 1015.000 358.000 2218.000 2123.000 771.000 2121.000 2049.000 783.000 1718.000 1138.000 349.000 2017.000 2252.000 1987.000 790.000 1632.000 1366.000 297.000 2149.000 2058.000 401.000 1826.000 1344.000 606.000
542.000 1312.000 375.000 1697.000 814.000 895.000 753.000 709.000 507.000 1389.000 0.000 186.000 242.000 326.000 280.000 646.000 1061.000 704.000 981.000 332.000 395.000 514.000 159.000 1215.000 378.000 1598.000 962.000 787.000 932.000 847.000 660.000 737.000 353.000 522.000 1727.000 675.000 961.000 620.000 632.000 295.000 795.000 1171.000 925.000 676.000 1727.000 441.000 225.000 802.000
508.000 1494.000 481.000 1881.000 999.000 717.000 568.000 649.000 425.000 1565.000 186.000 0.000 411.000 510.000 129.000 698.000 893.000 519.000 804.000 220.000 502.000 559.000 332.000 1378.000 560.000 1782.000 790.000 604.000 1114.000 673.000 493.000 879.000 168.000 687.000 1899.000 491.000 782.000 487.000 793.000 250.000 921.000 1353.000 760.000 495.000 1892.000 262.000 282.000 984.000
749.000 1150.000 474.000 1480.000 609.000 1078.000 965.000 924.000 737.000 1154.000 242.000 411.000 0.000 205.000 519.000 774.000 1215.000 919.000 1156.000 471.000 231.000 663.000 221.000 973.000 169.000 1380.000 1128.000 988.000 776.000 1018.000 899.000 504.000 567.000 468.000 1488.000 877.000 1142.000 861.000 390.000 524.000 807.000 949.000 1076.000 905.000 1486.000 673.000 239.000 581.000
696.000 988.000 349.000 1385.000 500.000 1219.000 1077.000 874.000 725.000 1107.000 326.000 510.000 205.000 0.000 586.000 641.000 1376.000 1027.000 1303.000 632.000 424.000 555.000 192.000 974.000 133.000 1287.000 1282.000 1113.000 608.000 1167.000 959.000 591.000 678.000 265.000 1453.000 1000.000 1284.000 882.000 437.000 526.000 611.000 866.000 1238.000 993.000 1470.000 758.000 428.000 504.000
408.000 1552.000 475.000 1969.000 1084.000 689.000 507.000 534.000 307.000 1668.000 280.000 129.000 519.000 586.000 0.000 642.000 887.000 455.000 780.000 312.000 629.000 504.000 397.000 1492.000 656.000 1871.000 776.000 558.000 1174.000 659.000 381.000 1001.000 157.000 724.000 2006.000 449.000 753.000 359.000 907.000 175.000 913.000 1445.000 761.000 408.000 2004.000 176.000 410.000 1077.000
318.000 1243.000 301.000 1806.000 1006.000 1289.000 1070.000 413.000 459.000 1639.000 646.000 698.000 774.000 641.000 642.000 0.000 1505.000 1019.000 1382.000 917.000 997.000 140.000 558.000 1569.000 773.000 1722.000 1390.000 1142.000 927.000 1276.000 814.000 1231.000 799.000 503.000 1986.000 1048.000 1348.000 643.000 1075.000 467.000 393.000 1356.000 1389.000 926.000 2030.000 768.000 870.000 1056.000
1213.000 2360.000 1359.000 2662.000 1818.000 230.000 465.000 1244.000 1068.000 2282.000 1061.000 893.000 1215.000 1376.000 887.000 1505.000 0.000 507.000 151.000 746.000 1144.000 1374.000 1218.000 2035.000 1383.000 2561.000 117.000 382.000 1982.000 230.000 754.000 1504.000 739.000 1579.000 2577.000 459.000 193.000 933.000 1503.000 1054.000 1799.000 2134.000 139.000 616.000 2532.000 739.000 980.000 1777.000
714.000 2004.000 918.000 2397.000 1516.000 279.000 54.000 737.000 568.000 2067.000 704.000 519.000 919.000 1027.000 455.000 1019.000 507.000 0.000 369.000 495.000 945.000 895.000 843.000 1860.000 1076.000 2297.000 390.000 127.000 1625.000 292.000 251.000 1337.000 354.000 1178.000 2393.000 91.000 332.000 427.000 1281.000 595.000 1344.000 1867.000 418.000 112.000 2375.000 281.000 728.000 1498.000
1082.000 2291.000 1255.000 2624.000 1764.000 93.000 323.000 1103.000 936.000 2258.000 981.000 804.000 1156.000 1303.000 780.000 1382.000 151.000 369.000 0.000 687.000 1114.000 1254.000 1135.000 2022.000 1323.000 2523.000 64.000 243.000 1911.000 139.000 611.000 1489.000 641.000 1490.000 2564.000 336.000 42.000 792.000 1471.000 940.000 1690.000 2093.000 154.000 475.000 2527.000 621.000 930.000 1730.000
717.000 1615.000 686.000 1941.000 1078.000 611.000 532.000 844.000 617.000 1588.000 332.000 220.000 471.000 632.000 312.000 917.000 746.000 495.000 687.000 0.000 453.000 778.000 490.000 1371.000 639.000 1840.000 658.000 536.000 1237.000 548.000 574.000 844.000 207.000 852.000 1907.000 432.000 674.000 630.000 799.000 466.000 1120.000 1409.000 608.000 519.000 1884.000 339.000 246.000 1044.000
935.000 1279.000 699.000 1519.000 703.000 1047.000 984.000 1103.000 897.000 1145.000 395.000 502.000 231.000 424.000 629.000 997.000 1144.000 945.000 1114.000 453.000 0.000 879.000 439.000 919.000 336.000 1418.000 1075.000 987.000 924.000 976.000 985.000 393.000 618.000 688.000 1457.000 884.000 1108.000 987.000 360.000 688.000 1034.000 992.000 1009.000 958.000 1432.000 745.000 225.000 646.000
228.000 1272.000 207.000 1805.000 970.000 1162.000 947.000 372.000 352.000 1606.000 514.000 559.000 663.000 555.000 504.000 140.000 1374.000 895.000 1254.000 778.000 879.000 0.000 444.000 1512.000 685.000 1717.000 1260.000 1016.000 932.000 1145.000 704.000 1140.000 661.000 473.000 1954.000 919.000 1221.000 544.000 991.000 329.000 468.000 1332.000 1255.000 808.000 1989.000 636.000 739.000 1009.000
538.000 1163.000 262.000 1576.000 691.000 1049.000 894.000 715.000 546.000 1294.000 159.000 332.000 221.000 192.000 397.000 558.000 1218.000 843.000 1135.000 490.000 439.000 444.000 0.000 1145.000 286.000 1479.000 1119.000 934.000 783.000 1002.000 768.000 713.000 499.000 363.000 1637.000 822.000 1114.000 694.000 580.000 340.000 650.000 1057.000 1083.000 804.000 1649.000 570.000 341.000 693.000
1670.000 906.000 1308.000 735.000 588.000 1961.000 1901.000 1847.000 1691.000 292.000 1215.000 1378.000 973.000 974.000 1492.000 1569.000 2035.000 1860.000 2022.000 1371.000 919.000 1512.000 1145.000 0.000 860.000 646.000 1978.000 1905.000 813.000 1887.000 1870.000 534.000 1521.000 1070.000 543.000 1802.000 2019.000 1830.000 586.000 1483.000 1355.000 403.000 1905.000 1864.000 515.000 1638.000 1133.000 519.000
816.000 983.000 480.000 1321.000 443.000 1244.000 1123.000 994.000 831.000 1015.000 378.000 560.000 169.000 133.000 656.000 773.000 1383.000 1076.000 1323.000 639.000 336.000 685.000 286.000 860.000 0.000 1222.000 1296.000 1150.000 611.000 1185.000 1036.000 458.000 723.000 368.000 1356.000 1038.000 1308.000 976.000 306.000 624.000 723.000 793.000 1245.000 1054.000 1364.000 819.000 406.000 424.000
1922.000 585.000 1541.000 102.000 788.000 2450.000 2344.000 2086.000 1988.000 358.000 1598.000 1782.000 1380.000 1287.000 1871.000 1722.000 2561.000 2297.000 2523.000 1840.000 1418.000 1717.000 1479.000 646.000 1222.000 0.000 2488.000 2367.000 796.000 2384.000 2246.000 1091.000 1944.000 1246.000 435.000 2256.000 2513.000 2160.000 1059.000 1806.000 1391.000 431.000 2425.000 2274.000 569.000 2039.000 1595.000 800.000
1096.000 2269.000 1251.000 2589.000 1735.000 116.000 349.000 1127.000 951.000 2218.000 962.000 790.000 1128.000 1282.000 776.000 1390.000 117.000 390.000 64.000 658.000 1075.000 1260.000 1119.000 1978.000 1296.000 2488.000 0.000 266.000 1889.000 118.000 639.000 1445.000 632.000 1477.000 2521.000 343.000 97.000 816.000 1433.000 941.000 1689.000 2059.000 91.000 500.000 2481.000 625.000 898.000 1698.000
840.000 2097.000 1029.000 2467.000 1592.000 153.000 85.000 863.000 694.000 2123.000 787.000 604.000 988.000 1113.000 558.000 1142.000 382.000 127.000 243.000 536.000 987.000 1016.000 934.000 1905.000 1150.000 2367.000 266.000 0.000 1716.000 177.000 374.000 1376.000 436.000 1279.000 2443.000 113.000 207.000 552.000 1334.000 709.000 1459.000 1936.000 302.000 235.000 2418.000 390.000 780.000 1568.000
1147.000 381.000 774.000 879.000 283.000 1826.000 1676.000 1303.000 1230.000 771.000 932.000 1114.000 776.000 608.000 1174.000 927.000 1982.000 1625.000 1911.000 1237.000 924.000 932.000 783.000 813.000 611.000 796.000 1889.000 1716.000 0.000 1775.000 1526.000 807.000 1281.000 474.000 1100.000 1604.000 1892.000 1414.000 663.000 1072.000 605.000 475.000 1844.000 1579.000 1172.000 1349.000 1015.000 379.000
986.000 2155.000 1133.000 2485.000 1626.000 83.000 260.000 1025.000 842.000 2121.000 847.000 673.000 1018.000 1167.000 659.000 1276.000 230.000 292.000 139.000 548.000 976.000 1145.000 1002.000 1887.000 1185.000 2384.000 118.000 177.000 1775.000 0.000 543.000 1354.000 514.000 1360.000 2429.000 233.000 133.000 716.000 1334.000 825.000 1571.000 1954.000 127.000 404.000 2393.000 509.000 791.000 1592.000
498.000 1898.000 772.000 2343.000 1458.000 525.000 290.000 493.000 355.000 2049.000 660.000 493.000 899.000 959.000 381.000 814.000 754.000 251.000 611.000 574.000 985.000 704.000 768.000 1870.000 1036.000 2246.000 639.000 374.000 1526.000 543.000 0.000 1370.000 373.000 1059.000 2386.000 324.000 572.000 183.000 1285.000 455.000 1168.000 1823.000 669.000 139.000 2384.000 242.000 761.000 1456.000
1250.000 1091.000 936.000 1190.000 528.000 1428.000 1375.000 1426.000 1240.000 783.000 737.000 879.000 504.000 591.000 1001.000 1231.000 1504.000 1337.000 1489.000 844.000 393.000 1140.000 713.000 534.000 458.000 1091.000 1445.000 1376.000 807.000 1354.000 1370.000 0.000 1007.000 794.000 1076.000 1275.000 1486.000 1354.000 169.000 1026.000 1143.000 692.000 1372.000 1349.000 1043.000 1131.000 614.000 437.000
553.000 1661.000 622.000 2044.000 1163.000 553.000 402.000 659.000 434.000 1718.000 353.000 168.000 567.000 678.000 157.000 799.000 739.000 354.000 641.000 207.000 618.000 661.000 499.000 1521.000 723.000 1944.000 632.000 436.000 1281.000 514.000 373.000 1007.000 0.000 849.000 2048.000 323.000 618.000 424.000 937.000 332.000 1062.000 1514.000 609.000 344.000 2035.000 134.000 394.000 1145.000
678.000 840.000 301.000 1336.000 503.000 1401.000 1231.000 841.000 757.000 1138.000 522.000 687.000 468.000 265.000 724.000 503.000 1579.000 1178.000 1490.000 852.000 688.000 473.000 363.000 1070.000 368.000 1246.000 1477.000 1279.000 474.000 1360.000 1059.000 794.000 849.000 0.000 1486.000 1168.000 1466.000 941.000 627.000 604.000 356.000 860.000 1444.000 1122.000 1528.000 898.000 677.000 554.000
2136.000 988.000 1760.000 451.000 985.000 2502.000 2435.000 2310.000 2177.000 349.000 1727.000 1899.000 1488.000 1453.000 2006.000 1986.000 2577.000 2393.000 2564.000 1907.000 1457.000 1954.000 1637.000 543.000 1356.000 435.000 2521.000 2443.000 1100.000 2429.000 2386.000 1076.000 2048.000 1486.000 0.000 2338.000 2561.000 2331.000 1112.000 1976.000 1701.000 633.000 2447.000 2390.000 146.000 2160.000 1666.000 953.000
754.000 1984.000 922.000 2357.000 1481.000 244.000 105.000 795.000 610.000 2017.000 675.000 491.000 877.000 1000.000 449.000 1048.000 459.000 91.000 336.000 432.000 884.000 919.000 822.000 1802.000 1038.000 2256.000 343.000 113.000 1604.000 233.000 324.000 1275.000 323.000 1168.000 2338.000 0.000 305.000 488.000 1228.000 605.000 1356.000 1826.000 355.000 190.000 2316.000 286.000 673.000 1457.000
1046.000 2272.000 1227.000 2613.000 1750.000 66.000 285.000 1064.000 900.000 2252.000 961.000 782.000 1142.000 1284.000 753.000 1348.000 193.000 332.000 42.000 674.000 1108.000 1221.000 1114.000 2019.000 1308.000 2513.000 97.000 207.000 1892.000 133.000 572.000 1486.000 618.000 1466.000 2561.000 305.000 0.000 753.000 1464.000 910.000 1661.000 2082.000 181.000 437.000 2526.000 590.000 919.000 1718.000
326.000 1778.000 644.000 2255.000 1377.000 704.000 469.000 312.000 194.000 1987.000 620.000 487.000 861.000 882.000 359.000 643.000 933.000 427.000 792.000 630.000 987.000 544.000 694.000 1830.000 976.000 2160.000 816.000 552.000 1414.000 716.000 183.000 1354.000 424.000 941.000 2331.000 488.000 753.000 0.000 1250.000 357.000 1011.000 1745.000 841.000 317.000 2339.000 301.000 769.000 1385.000
1117.000 976.000 785.000 1161.000 396.000 1403.000 1324.000 1294.000 1121.000 790.000 632.000 793.000 390.000 437.000 907.000 1075.000 1503.000 1281.000 1471.000 799.000 360.000 991.000 580.000 586.000 306.000 1059.000 1433.000 1334.000 663.000 1334.000 1285.000 169.000 937.000 627.000 1112.000 1228.000 1464.000 1250.000 0.000 909.000 974.000 637.000 1368.000 1280.000 1100.000 1053.000 555.000 317.000
261.000 1443.000 325.000 1901.000 1021.000 848.000 648.000 418.000 214.000 1632.000 295.000 250.000 524.000 526.000 175.000 467.000 1054.000 595.000 940.000 466.000 688.000 329.000 340.000 1483.000 624.000 1806.000 941.000 709.000 1072.000 825.000 455.000 1026.000 332.000 604.000 1976.000 605.000 910.000 357.000 909.000 0.000 751.000 1389.000 931.000 525.000 1988.000 320.000 495.000 1029.000
692.000 872.000 442.000 1467.000 768.000 1598.000 1396.000 805.000 819.000 1366.000 795.000 921.000 807.000 611.000 913.000 393.000 1799.000 1344.000 1690.000 1120.000 1034.000 468.000 650.000 1355.000 723.000 1391.000 1689.000 1459.000 605.000 1571.000 1168.000 1143.000 1062.000 356.000 1701.000 1356.000 1661.000 1011.000 974.000 751.000 0.000 1071.000 1671.000 1264.000 1766.000 1071.000 989.000 843.000
1525.000 504.000 1144.000 532.000 370.000 2019.000 1914.000 1695.000 1579.000 297.000 1171.000 1353.000 949.000 866.000 1445.000 1356.000 2134.000 1867.000 2093.000 1409.000 992.000 1332.000 1057.000 403.000 793.000 431.000 2059.000 1936.000 475.000 1954.000 1823.000 692.000 1514.000 860.000 633.000 1826.000 2082.000 1745.000 637.000 1389.000 1071.000 0.000 1997.000 1846.000 698.000 1611.000 1164.000 370.000
1104.000 2223.000 1231.000 2526.000 1680.000 174.000 386.000 1149.000 961.000 2149.000 925.000 760.000 1076.000 1238.000 761.000 1389.000 139.000 418.000 154.000 608.000 1009.000 1255.000 1083.000 1905.000 1245.000 2425.000 91.000 302.000 1844.000 127.000 669.000 1372.000 609.000 1444.000 2447.000 355.000 181.000 841.000 1368.000 931.000 1671.000 1997.000 0.000 530.000 2405.000 622.000 842.000 1640.000
616.000 1957.000 850.000 2373.000 1489.000 387.000 153.000 629.000 470.000 2058.000 676.000 495.000 905.000 993.000 408.000 926.000 616.000 112.000 475.000 519.000 958.000 808.000 804.000 1864.000 1054.000 2274.000 500.000 235.000 1579.000 404.000 139.000 1349.000 344.000 1122.000 2390.000 190.000 437.000 317.000 1280.000 525.000 1264.000 1846.000 530.000 0.000 2379.000 236.000 735.000 1477.000
2162.000 1098.000 1790.000 594.000 1025.000 2468.000 2415.000 2338.000 2193.000 401.000 1727.000 1892.000 1486.000 1470.000 2004.000 2030.000 2532.000 2375.000 2527.000 1884.000 1432.000 1989.000 1649.000 515.000 1364.000 569.000 2481.000 2418.000 1172.000 2393.000 2384.000 1043.000 2035.000 1528.000 146.000 2316.000 2526.000 2339.000 1100.000 1988.000 1766.000 698.000 2405.000 2379.000 0.000 2152.000 1647.000 981.000
488.000 1727.000 640.000 2138.000 1253.000 528.000 334.000 565.000 352.000 1826.000 441.000 262.000 673.000 758.000 176.000 768.000 739.000 281.000 621.000 339.000 745.000 636.000 570.000 1638.000 819.000 2039.000 625.000 390.000 1349.000 509.000 242.000 1131.000 134.000 898.000 2160.000 286.000 590.000 301.000 1053.000 320.000 1071.000 1611.000 622.000 236.000 2152.000 0.000 520.000 1242.000
753.000 1388.000 591.000 1695.000 839.000 856.000 769.000 911.000 695.000 1344.000 225.000 282.000 239.000 428.000 410.000 870.000 980.000 728.000 930.000 246.000 225.000 739.000 341.000 1133.000 406.000 1595.000 898.000 780.000 1015.000 791.000 761.000 614.000 394.000 677.000 1666.000 673.000 919.000 769.000 555.000 495.000 989.000 1164.000 842.000 735.000 1647.000 520.000 0.000 801.000
1184.000 661.000 810.000 900.000 97.000 1654.000 1545.000 1359.000 1226.000 606.000 802.000 984.000 581.000 504.000 1077.000 1056.000 1777.000 1498.000 1730.000 1044.000 646.000 1009.000 693.000 519.000 424.000 800.000 1698.000 1568.000 379.000 1592.000 1456.000 437.000 1145.000 554.000 953.000 1457.000 1718.000 1385.000 317.000 1029.000 843.000 370.000 1640.000 1477.000 981.000 1242.000 801.000 0.000
