29
0.000 97.000 205.000 139.000 86.000 60.000 220.000 65.000 111.000 115.000 227.000 95.000 82.000 225.000 168.000 103.000 266.000 205.000 149.000 120.000 58.000 257.000 152.000 52.000 180.000 136.000 82.000 34.000 145.000
97.000 0.000 129.000 103.000 71.000 105.000 258.000 154.000 112.000 65.000 204.000 150.000 87.000 176.000 137.000 142.000 204.000 148.000 148.000 49.000 41.000 211.000 226.000 116.000 197.000 89.000 153.000 124.000 74.000
205.000 129.000 0.000 219.000 125.000 175.000 386.000 269.000 134.000 184.000 313.000 201.000 215.000 267.000 248.000 271.000 274.000 236.000 272.000 160.000 151.000 300.000 350.000 239.000 322.000 78.000 276.000 220.000 60.000
139.000 103.000 219.000 0.000 167.000 182.000 180.000 162.000 208.000 39.000 102.000 227.000 60.000 86.000 34.000 96.000 129.000 69.000 58.000 60.000 120.000 119.000 192.000 114.000 110.000 192.000 136.000 173.000 173.000
86.000 71.000 125.000 167.000 0.000 51.000 296.000 150.000 42.000 131.000 268.000 88.000 131.000 245.000 201.000 175.000 275.000 218.000 202.000 119.000 50.000 281.000 238.000 131.000 244.000 51.000 166.000 95.000 69.000
60.000 105.000 175.000 182.000 51.000 0.000 279.000 114.000 56.000 150.000 278.000 46.000 133.000 266.000 214.000 162.000 302.000 242.000 203.000 146.000 67.000 300.000 205.000 111.000 238.000 98.000 139.000 52.000 120.000
220.000 258.000 386.000 180.000 296.000 279.000 0.000 178.000 328.000 206.000 147.000 308.000 172.000 203.000 165.000 121.000 251.000 216.000 122.000 231.000 249.000 209.000 111.000 169.000 72.000 338.000 144.000 237.000 331.000
65.000 154.000 269.000 162.000 150.000 114.000 178.000 0.000 169.000 151.000 227.000 133.000 104.000 242.000 182.000 84.000 290.000 230.000 146.000 165.000 121.000 270.000 91.000 48.000 158.000 200.000 39.000 64.000 210.000
111.000 112.000 134.000 208.000 42.000 56.000 328.000 169.000 0.000 172.000 309.000 68.000 169.000 286.000 242.000 208.000 315.000 259.000 240.000 160.000 90.000 322.000 260.000 160.000 281.000 57.000 192.000 107.000 90.000
115.000 65.000 184.000 39.000 131.000 150.000 206.000 151.000 172.000 0.000 140.000 195.000 51.000 117.000 72.000 104.000 153.000 93.000 88.000 25.000 85.000 152.000 200.000 104.000 139.000 154.000 134.000 149.000 135.000
227.000 204.000 313.000 102.000 268.000 278.000 147.000 227.000 309.000 140.000 0.000 320.000 146.000 64.000 68.000 143.000 106.000 88.000 81.000 159.000 219.000 63.000 216.000 187.000 88.000 293.000 191.000 258.000 272.000
95.000 150.000 201.000 227.000 88.000 46.000 308.000 133.000 68.000 195.000 320.000 0.000 174.000 311.000 258.000 196.000 347.000 288.000 243.000 192.000 113.000 345.000 222.000 144.000 274.000 124.000 165.000 71.000 153.000
82.000 87.000 215.000 60.000 131.000 133.000 172.000 104.000 169.000 51.000 146.000 174.000 0.000 144.000 86.000 57.000 189.000 128.000 71.000 71.000 82.000 176.000 150.000 56.000 114.000 168.000 83.000 115.000 160.000
225.000 176.000 267.000 86.000 245.000 266.000 203.000 242.000 286.000 117.000 64.000 311.000 144.000 0.000 61.000 165.000 51.000 32.000 105.000 127.000 201.000 36.000 254.000 196.000 136.000 260.000 212.000 258.000 234.000
168.000 137.000 248.000 34.000 201.000 214.000 165.000 182.000 242.000 72.000 68.000 258.000 86.000 61.000 0.000 106.000 110.000 56.000 49.000 91.000 153.000 91.000 197.000 136.000 94.000 225.000 151.000 201.000 205.000
103.000 142.000 271.000 96.000 175.000 162.000 121.000 84.000 208.000 104.000 143.000 196.000 57.000 165.000 106.000 0.000 215.000 159.000 64.000 126.000 128.000 190.000 98.000 53.000 78.000 218.000 48.000 127.000 214.000
266.000 204.000 274.000 129.000 275.000 302.000 251.000 290.000 315.000 153.000 106.000 347.000 189.000 51.000 110.000 215.000 0.000 61.000 155.000 157.000 235.000 47.000 305.000 243.000 186.000 282.000 261.000 300.000 252.000
205.000 148.000 236.000 69.000 218.000 242.000 216.000 230.000 259.000 93.000 88.000 288.000 128.000 32.000 56.000 159.000 61.000 0.000 105.000 100.000 176.000 66.000 253.000 183.000 146.000 231.000 203.000 239.000 204.000
149.000 148.000 272.000 58.000 202.000 203.000 122.000 146.000 240.000 88.000 81.000 243.000 71.000 105.000 49.000 64.000 155.000 105.000 0.000 113.000 152.000 127.000 150.000 106.000 52.000 235.000 112.000 179.000 221.000
120.000 49.000 160.000 60.000 119.000 146.000 231.000 165.000 160.000 25.000 159.000 192.000 71.000 127.000 91.000 126.000 157.000 100.000 113.000 0.000 79.000 163.000 220.000 119.000 164.000 135.000 152.000 153.000 114.000
58.000 41.000 151.000 120.000 50.000 67.000 249.000 121.000 90.000 85.000 219.000 113.000 82.000 201.000 153.000 128.000 235.000 176.000 152.000 79.000 0.000 236.000 201.000 90.000 195.000 90.000 127.000 84.000 91.000
257.000 211.000 300.000 119.000 281.000 300.000 209.000 270.000 322.000 152.000 63.000 345.000 176.000 36.000 91.000 190.000 47.000 66.000 127.000 163.000 236.000 0.000 273.000 226.000 148.000 296.000 238.000 291.000 269.000
152.000 226.000 350.000 192.000 238.000 205.000 111.000 91.000 260.000 200.000 216.000 222.000 150.000 254.000 197.000 98.000 305.000 253.000 150.000 220.000 201.000 273.000 0.000 112.000 130.000 286.000 74.000 155.000 291.000
52.000 116.000 239.000 114.000 131.000 111.000 169.000 48.000 160.000 104.000 187.000 144.000 56.000 196.000 136.000 53.000 243.000 183.000 106.000 119.000 90.000 226.000 112.000 0.000 130.000 178.000 38.000 75.000 180.000
180.000 197.000 322.000 110.000 244.000 238.000 72.000 158.000 281.000 139.000 88.000 274.000 114.000 136.000 94.000 78.000 186.000 146.000 52.000 164.000 195.000 148.000 130.000 130.000 0.000 281.000 120.000 205.000 270.000
136.000 89.000 78.000 192.000 51.000 98.000 338.000 200.000 57.000 154.000 293.000 124.000 168.000 260.000 225.000 218.000 282.000 231.000 235.000 135.000 90.000 296.000 286.000 178.000 281.000 0.000 213.000 145.000 36.000
82.000 153.000 276.000 136.000 166.000 139.000 144.000 39.000 192.000 134.000 191.000 165.000 83.000 212.000 151.000 48.000 261.000 203.000 112.000 152.000 127.000 238.000 74.000 38.000 120.000 213.000 0.000 94.000 217.000
34.000 124.000 220.000 173.000 95.000 52.000 237.000 64.000 107.000 149.000 258.000 71.000 115.000 258.000 201.000 127.000 300.000 239.000 179.000 153.000 84.000 291.000 155.000 75.000 205.000 145.000 94.000 0.000 162.000
145.000 74.000 60.000 173.000 69.000 120.000 331.000 210.000 90.000 135.000 272.000 153.000 160.000 234.000 205.000 214.000 252.000 204.000 221.000 114.000 91.000 269.000 291.000 180.000 270.000 36.000 217.000 162.000 0.000
